=== XGBOOST MODEL ANALYSIS ===
Analysis time: 2025-01-21 13:29:26.532434

=== MODEL STRUCTURE ===

Learner keys: ['attributes', 'feature_names', 'feature_types', 'gradient_booster', 'learner_model_param', 'objective']

Gradient Booster keys: ['model', 'name']


=== MODEL PARAMETERS ===

{
  "num_features": "6",
  "objective": "binary:logistic",
  "feature_names": [],
  "feature_types": [],
  "parameters": {
    "base_score": "5E-1",
    "boost_from_average": "1",
    "num_class": "0",
    "num_feature": "6",
    "num_target": "1"
  }
}



=== MODEL DATA ===

Model keys: ['gbtree_model_param', 'iteration_indptr', 'tree_info', 'trees']


Number of trees: 200


First Tree Structure:
{
  "base_weights": [
    -0.0062943967,
    -0.9732718,
    0.78082854,
    -0.16177474,
    -1.1730653,
    0.25638658,
    1.1720442,
    0.2687232,
    -0.8592927,
    -1.2801057,
    -0.043833733,
    -0.107545234,
    1.2942458,
    0.65685743,
    1.4487537,
    -0.37845618,
    0.83586216,
    -1.1407934,
    0.09166836,
    -1.4568799,
    -0.73485243,
    0.43602955,
    -1.349485,
    1.7073768,
    -0.5014783,
    -0.09090909,
    1.4503416,
    1.8367692,
    0.13499036,
    1.9463923,
    1.3748753,
    -0.6580343,
    1.0477729,
    1.3004568,
    -0.29900432,
    -1.3034056,
    0.08461826,
    1.4910033,
    -1.501179,
    0.78670084,
    -1.0038519,
    -0.09298246,
    0.89379233,
    -0.08811717,
    0.023086086,
    0.2643538,
    1.8806225,
    -1.7026473,
    -0.30118492,
    1.8410122,
    0.103309095,
    1.0477695,
    1.893828,
    -0.96065724,
    0.9748515,
    0.098889135,
    0.041184124,
    0.37995556,
    1.4371196,
    0.009101513,
    -0.054278236,
    -0.0076831444,
    0.0853687,
    0.040268835,
    0.08823771,
    -0.031522095,
    0.080003545,
    -0.016656343,
    -0.08316838,
    0.017655632,
    0.0904781,
    -0.047333274,
    -0.08293497,
    0.054044973,
    -0.08095238,
    0.033342738,
    -0.056168657,
    0.0617459,
    -0.028562287,
    0.08750242,
    -0.084,
    0.09630687,
    0.048155796,
    -0.08869051,
    -0.0058740857,
    -0.045398127,
    0.007508525,
    0.09401703,
    0.021748163,
    0.09333471,
    -0.03332393,
    0.07600425,
    0.014294744,
    0.09631416,
    0.045462225,
    -0.078147285,
    -0.018714635,
    0.05512318,
    -0.086666666,
    -0.055549182,
    0.05556302,
    0.07633923,
    0.058340605
  ],
  "categories": [],
  "categories_nodes": [],
  "categories_segments": [],
  "categories_sizes": [],
  "default_left": [
    0,
    0,
    0,
    0,
    0,
    0,
    0,
    0,
    0,
    0,
    0,
    0,
    0,
    0,
    0,
    0,
    0,
    0,
    0,
    0,
    0,
    0,
    0,
    0,
    0,
    0,
    0,
    0,
    0,
    0,
    0,
    0,
    0,
    0,
    0,
    0,
    0,
    0,
    0,
    0,
    0,
    0,
    0,
    0,
    0,
    0,
    0,
    0,
    0,
    0,
    0,
    0,
    0,
    0,
    0,
    0,
    0,
    0,
    0,
    0,
    0,
    0,
    0,
    0,
    0,
    0,
    0,
    0,
    0,
    0,
    0,
    0,
    0,
    0,
    0,
    0,
    0,
    0,
    0,
    0,
    0,
    0,
    0,
    0,
    0,
    0,
    0,
    0,
    0,
    0,
    0,
    0,
    0,
    0,
    0,
    0,
    0,
    0,
    0,
    0,
    0,
    0,
    0
  ],
  "id": 0,
  "left_children": [
    1,
    3,
    5,
    7,
    9,
    11,
    13,
    15,
    17,
    19,
    21,
    23,
    25,
    27,
    29,
    31,
    33,
    35,
    -1,
    37,
    39,
    41,
    43,
    45,
    47,
    -1,
    49,
    51,
    53,
    55,
    57,
    59,
    61,
    63,
    65,
    67,
    -1,
    69,
    71,
    73,
    75,
    -1,
    77,
    -1,
    -1,
    79,
    81,
    83,
    85,
    87,
    89,
    91,
    93,
    95,
    97,
    -1,
    -1,
    99,
    101,
    -1,
    -1,
    -1,
    -1,
    -1,
    -1,
    -1,
    -1,
    -1,
    -1,
    -1,
    -1,
    -1,
    -1,
    -1,
    -1,
    -1,
    -1,
    -1,
    -1,
    -1,
    -1,
    -1,
    -1,
    -1,
    -1,
    -1,
    -1,
    -1,
    -1,
    -1,
    -1,
    -1,
    -1,
    -1,
    -1,
    -1,
    -1,
    -1,
    -1,
    -1,
    -1,
    -1,
    -1
  ],
  "loss_changes": [
    2746.2688,
    262.3164,
    407.7937,
    96.63057,
    156.96582,
    321.61047,
    161.41382,
    73.45832,
    95.14004,
    113.29651,
    71.707664,
    452.04175,
    110.02637,
    245.93704,
    24.535034,
    38.074886,
    56.55001,
    53.692123,
    0.0,
    119.11865,
    120.517456,
    89.68477,
    23.80843,
    27.695831,
    124.42192,
    0.0,
    110.86893,
    3.5317383,
    257.01,
    1.6579895,
    39.57544,
    28.572773,
    12.74575,
    15.994095,
    20.994799,
    36.55652,
    0.0,
    4.3461056,
    75.4939,
    33.25047,
    50.473404,
    0.0,
    35.94425,
    0.0,
    0.0,
    41.220043,
    2.3427124,
    8.1392975,
    122.363335,
    8.225159,
    67.08708,
    3.344387,
    1.8602295,
    42.238136,
    56.52423,
    0.0,
    0.0,
    44.308216,
    12.987793,
    0.0,
    0.0,
    0.0,
    0.0,
    0.0,
    0.0,
    0.0,
    0.0,
    0.0,
    0.0,
    0.0,
    0.0,
    0.0,
    0.0,
    0.0,
    0.0,
    0.0,
    0.0,
    0.0,
    0.0,
    0.0,
    0.0,
    0.0,
    0.0,
    0.0,
    0.0,
    0.0,
    0.0,
    0.0,
    0.0,
    0.0,
    0.0,
    0.0,
    0.0,
    0.0,
    0.0,
    0.0,
    0.0,
    0.0,
    0.0,
    0.0,
    0.0,
    0.0,
    0.0
  ],
  "parents": [
    2147483647,
    0,
    0,
    1,
    1,
    2,
    2,
    3,
    3,
    4,
    4,
    5,
    5,
    6,
    6,
    7,
    7,
    8,
    8,
    9,
    9,
    10,
    10,
    11,
    11,
    12,
    12,
    13,
    13,
    14,
    14,
    15,
    15,
    16,
    16,
    17,
    17,
    19,
    19,
    20,
    20,
    21,
    21,
    22,
    22,
    23,
    23,
    24,
    24,
    26,
    26,
    27,
    27,
    28,
    28,
    29,
    29,
    30,
    30,
    31,
    31,
    32,
    32,
    33,
    33,
    34,
    34,
    35,
    35,
    37,
    37,
    38,
    38,
    39,
    39,
    40,
    40,
    42,
    42,
    45,
    45,
    46,
    46,
    47,
    47,
    48,
    48,
    49,
    49,
    50,
    50,
    51,
    51,
    52,
    52,
    53,
    53,
    54,
    54,
    57,
    57,
    58,
    58
  ],
  "right_children": [
    2,
    4,
    6,
    8,
    10,
    12,
    14,
    16,
    18,
    20,
    22,
    24,
    26,
    28,
    30,
    32,
    34,
    36,
    -1,
    38,
    40,
    42,
    44,
    46,
    48,
    -1,
    50,
    52,
    54,
    56,
    58,
    60,
    62,
    64,
    66,
    68,
    -1,
    70,
    72,
    74,
    76,
    -1,
    78,
    -1,
    -1,
    80,
    82,
    84,
    86,
    88,
    90,
    92,
    94,
    96,
    98,
    -1,
    -1,
    100,
    102,
    -1,
    -1,
    -1,
    -1,
    -1,
    -1,
    -1,
    -1,
    -1,
    -1,
    -1,
    -1,
    -1,
    -1,
    -1,
    -1,
    -1,
    -1,
    -1,
    -1,
    -1,
    -1,
    -1,
    -1,
    -1,
    -1,
    -1,
    -1,
    -1,
    -1,
    -1,
    -1,
    -1,
    -1,
    -1,
    -1,
    -1,
    -1,
    -1,
    -1,
    -1,
    -1,
    -1,
    -1
  ],
  "split_conditions": [
    -0.22955127,
    -0.18742897,
    -0.19797975,
    -0.1673992,
    0.09357993,
    0.4553215,
    -0.032885987,
    -0.37432116,
    0.73996514,
    -0.28325388,
    0.66357434,
    -0.16379693,
    -0.16048451,
    -0.11715734,
    -0.12932342,
    -0.21599455,
    -0.22979793,
    -0.25009283,
    0.09166836,
    -0.48885137,
    -0.27514598,
    -0.33581975,
    2.7043028,
    -0.20724349,
    -0.15925832,
    -0.09090909,
    -0.21599455,
    -0.18649964,
    -0.012347977,
    0.55832416,
    -0.17834596,
    -0.45144793,
    -0.22871704,
    -0.25110507,
    -0.27088162,
    -0.3811666,
    0.08461826,
    -0.16708775,
    -0.40278745,
    -0.035701063,
    -0.16842707,
    -0.09298246,
    -0.27514598,
    -0.08811717,
    0.023086086,
    -0.17534311,
    -0.20744428,
    -0.23640072,
    -0.066930644,
    2.5478191,
    0.6549868,
    -0.1929423,
    -0.12751421,
    -0.05242289,
    -0.03434697,
    0.098889135,
    0.041184124,
    0.20012437,
    0.9858922,
    0.009101513,
    -0.054278236,
    -0.0076831444,
    0.0853687,
    0.040268835,
    0.08823771,
    -0.031522095,
    0.080003545,
    -0.016656343,
    -0.08316838,
    0.017655632,
    0.0904781,
    -0.047333274,
    -0.08293497,
    0.054044973,
    -0.08095238,
    0.033342738,
    -0.056168657,
    0.0617459,
    -0.028562287,
    0.08750242,
    -0.084,
    0.09630687,
    0.048155796,
    -0.08869051,
    -0.0058740857,
    -0.045398127,
    0.007508525,
    0.09401703,
    0.021748163,
    0.09333471,
    -0.03332393,
    0.07600425,
    0.014294744,
    0.09631416,
    0.045462225,
    -0.078147285,
    -0.018714635,
    0.05512318,
    -0.086666666,
    -0.055549182,
    0.05556302,
    0.07633923,
    0.058340605
  ],
  "split_indices": [
    0,
    3,
    2,
    2,
    3,
    0,
    0,
    0,
    2,
    0,
    3,
    3,
    3,
    3,
    3,
    2,
    2,
    0,
    0,
    1,
    0,
    0,
    3,
    1,
    3,
    0,
    2,
    2,
    2,
    0,
    2,
    1,
    3,
    2,
    0,
    3,
    0,
    3,
    0,
    3,
    3,
    0,
    0,
    0,
    0,
    3,
    2,
    2,
    1,
    0,
    0,
    2,
    3,
    3,
    0,
    0,
    0,
    0,
    0,
    0,
    0,
    0,
    0,
    0,
    0,
    0,
    0,
    0,
    0,
    0,
    0,
    0,
    0,
    0,
    0,
    0,
    0,
    0,
    0,
    0,
    0,
    0,
    0,
    0,
    0,
    0,
    0,
    0,
    0,
    0,
    0,
    0,
    0,
    0,
    0,
    0,
    0,
    0,
    0,
    0,
    0,
    0,
    0
  ],
  "split_type": [
    0,
    0,
    0,
    0,
    0,
    0,
    0,
    0,
    0,
    0,
    0,
    0,
    0,
    0,
    0,
    0,
    0,
    0,
    0,
    0,
    0,
    0,
    0,
    0,
    0,
    0,
    0,
    0,
    0,
    0,
    0,
    0,
    0,
    0,
    0,
    0,
    0,
    0,
    0,
    0,
    0,
    0,
    0,
    0,
    0,
    0,
    0,
    0,
    0,
    0,
    0,
    0,
    0,
    0,
    0,
    0,
    0,
    0,
    0,
    0,
    0,
    0,
    0,
    0,
    0,
    0,
    0,
    0,
    0,
    0,
    0,
    0,
    0,
    0,
    0,
    0,
    0,
    0,
    0,
    0,
    0,
    0,
    0,
    0,
    0,
    0,
    0,
    0,
    0,
    0,
    0,
    0,
    0,
    0,
    0,
    0,
    0,
    0,
    0,
    0,
    0,
    0,
    0
  ],
  "sum_hessian": [
    3606.1477,
    1618.0918,
    1988.0558,
    320.03253,
    1298.0593,
    850.1061,
    1137.9497,
    198.27489,
    121.75763,
    1185.5471,
    112.51217,
    630.0659,
    220.04016,
    398.80862,
    739.14105,
    92.7583,
    105.516594,
    110.7552,
    11.002434,
    894.0268,
    291.52036,
    82.76117,
    29.750996,
    111.77301,
    518.2929,
    10.0,
    210.04016,
    121.52589,
    277.28275,
    92.27025,
    646.8708,
    78.00575,
    14.752544,
    74.76372,
    30.752876,
    105.25398,
    5.501217,
    12.752544,
    881.27423,
    43.50675,
    248.01361,
    13.25,
    69.51117,
    24.250221,
    5.5007744,
    12.251549,
    99.52146,
    73.00111,
    445.2918,
    162.53462,
    47.50553,
    9.501659,
    112.02423,
    120.25686,
    157.02588,
    89.01969,
    3.2505531,
    38.50509,
    608.3657,
    26.503208,
    51.502544,
    5.500553,
    9.251991,
    37.505863,
    37.257854,
    26.751991,
    4.000885,
    29.002655,
    76.25133,
    3.2504425,
    9.502102,
    196.5114,
    684.7628,
    39.25675,
    4.25,
    16.252434,
    231.76117,
    56.510178,
    13.000996,
    7.001549,
    5.25,
    93.77046,
    5.7509956,
    69.75078,
    3.2503319,
    189.5114,
    255.78043,
    157.78397,
    4.7506638,
    14.003098,
    33.502434,
    5.2511063,
    4.250553,
    107.52345,
    4.5007744,
    58.501328,
    61.75553,
    150.52588,
    6.5,
    12.500553,
    26.004536,
    453.3385,
    155.02722
  ],
  "tree_param": {
    "num_deleted": "0",
    "num_feature": "6",
    "num_nodes": "103",
    "size_leaf_vector": "1"
  }
}

First tree keys: ['base_weights', 'categories', 'categories_nodes', 'categories_segments', 'categories_sizes', 'default_left', 'id', 'left_children', 'loss_changes', 'parents', 'right_children', 'split_conditions', 'split_indices', 'split_type', 'sum_hessian', 'tree_param']

=== GRADIENT BOOSTER INFO ===

{
  "name": "gbtree",
  "parameters": {}
}
